# Genetic Algorithm Population
# Format: Each line represents one gene with 12 feature weights
# Features: Food_diff, Queen_health_diff, Drone_diff, Soldier_diff, Worker_diff, Ranged_diff, Offensive_cap, Dist_enemy_queen, Dist_my_queen, Dist_enemy_anthill, Worker_queen_dist, Queen_queen_dist
# Population size: 50, Gene length: 12, Generation: 20
# Total games played: 5000, Current gene: 0

Gene_ 0:  10.0000  -0.2636   7.9162  -6.8361  10.0000   0.3342   1.4711  -6.0984 -10.0000   0.5842   0.7968  -1.2115
Gene_ 1:  10.0000  -0.2636   1.1018   4.7111  10.0000   0.3342   1.4711  -6.1188 -10.0000   0.5842  -1.4974  -1.2115
Gene_ 2:  10.0000  -0.2765   7.7283  -6.6282   3.2039  -0.3493   2.3798  -6.9695 -10.0000   0.5842   0.8501  -1.2115
Gene_ 3:  10.0000  -0.2765   2.1242   6.3699   3.2039  -0.3493   2.3798  -6.9695 -10.0000   0.5842   0.8501  -1.2115
Gene_ 4:  10.0000  -0.2765   1.1018  -6.6282   3.2039   3.9209   2.8822  -6.0984 -10.0000   0.5842   0.8501  -1.2115
Gene_ 5:  10.0000  -0.4002   1.1018   5.0890   8.4978   0.6586   1.1984  -6.1188  -9.0008   1.7869  -1.4760  -1.2115
Gene_ 6:  10.0000  -0.4615   7.8184  -6.8304  10.0000   0.4632   1.4711  -6.4151  -9.6011   1.5698   0.9111  -2.0032
Gene_ 7:  10.0000  -0.6627   7.7283   5.5885   3.3442  -0.3493   0.4294  -6.6801  -9.6011   1.7869  -1.9376  -2.0032
Gene_ 8:  10.0000  -0.6627   2.7670   5.8694   3.5381   3.9209   0.4294  -6.6801  -9.6011   1.7869  -1.9754  -2.0032
Gene_ 9:  10.0000  -1.1203   5.8088   5.0890   3.2039   0.9706   1.1984  -6.6591  -9.5025   0.5842   0.6711  -2.0032
Gene_10:  10.0000  -1.1203   4.8808   5.0890   3.2209   0.9706   1.4711  -6.6591  -9.9211  -9.7195   0.5987  -1.2115
Gene_11:  10.0000  -1.1203   4.8808   5.0890   3.2209   0.9706   1.4113  -6.6591  -9.9211  -9.7195   0.5987  -1.2115
Gene_12:  10.0000  -1.1203   2.7670   5.0890   3.2209   0.9706   0.4589  -6.6591  -9.9211   1.7869   0.5987  -2.0032
Gene_13:  10.0000  -1.1406   7.8184  -6.8304   3.2039   3.5509   2.8822  -6.6591  -9.9211   1.0832  -0.2160  -1.2115
Gene_14:  10.0000  -1.1406   7.4943   5.8694  10.0000   0.4632   2.8293  -6.6591  -9.9211   2.2824   0.5987  -1.2115
Gene_15:  10.0000  -1.4791   2.1242   6.0594   3.2209   0.9706   1.4711  -6.6591  -9.9211   1.4559  -0.2245  -1.8267
Gene_16:  10.0000  -1.6744   7.9618   5.0890   9.4391   0.4632   1.1984  -6.8878  -9.9109   1.7869   0.5987  -2.0032
Gene_17:  10.0000  -1.7963   4.8808   5.0890   3.2209   0.9706   1.1984  -6.8576  -9.9211  -9.7195   0.5987  -2.0032
Gene_18:  10.0000  -1.7963   4.8808   5.0890   3.2039   0.9706   1.1984  -6.3026  -9.5207   0.5842   0.5987  -1.7948
Gene_19:  10.0000  -1.7963   2.7670   5.4720   3.2209   3.9209   1.1984  -6.6591  -9.6011   2.1856   0.9189  -2.0032
Gene_20:  10.0000  -1.7963   2.7670   5.0890   3.2209   0.9477   0.4589  -6.3026  -9.9211   1.7869   0.5987  -1.7948
Gene_21:  10.0000  -2.0382   7.8184  -6.8304   3.1462  -0.3493   2.4582  -6.6591  -9.9211   1.0832  -1.9754  -2.7601
Gene_22:  10.0000  -2.3117   7.9618   5.0890   9.9060   0.4632   1.1984  -6.8878  -9.9109   1.7869   0.5987  -2.0032
Gene_23:   9.9315  -0.2765   1.1018   6.6533   9.8696   0.3342   1.3186  -6.0984 -10.0000   0.5842   0.8501  -1.2115
Gene_24:   9.9315  -1.1406   7.9618   7.0022   9.8696   0.4632   1.9564  -6.6591  -9.8654   1.7869   0.5987  -1.2115
Gene_25:  10.0000  -0.6627   7.7283  -6.6282   3.2039  -0.3493   0.4294  -6.6801  -9.6011   0.5842   1.0805  -2.0032
Gene_26:  10.0000  -0.2765   1.1018   5.5885   3.3442   3.9209   2.8822  -6.0984 -10.0000   1.7869  -1.9376  -1.2115
Gene_27:  10.0000  -1.4791   2.1242   6.0594   3.2209   0.9706   1.3687  -6.8878  -9.9211   1.7869   0.5987  -2.0032
Gene_28:  10.0000  -1.6744   7.9618   5.0890   9.4391   0.4632   1.1984  -6.6591  -9.8157   1.4559  -0.2245  -1.8267
Gene_29:   9.9315  -0.2765   1.1018   6.6533   9.8696   3.9209   1.3186  -6.0984 -10.0000   0.5842   0.8501  -1.9104
Gene_30:  10.0000  -0.2765   1.2183  -7.3377   3.2039   0.3342   2.8822  -6.0984 -10.0000   0.5842   0.8501  -1.2115
Gene_31:  10.0000  -1.1203   7.9162  -6.8361   3.2209   0.9706   1.4711  -6.0984 -10.0000   0.5842   0.7968  -1.2115
Gene_32:  10.0000  -0.2636   2.7670   5.0890  10.0000   0.3342   0.4589  -6.6591  -9.9418   1.7869   0.5987  -2.1457
Gene_33:  10.0000  -0.4615   2.1242   6.3699  10.0000  -0.3493   2.3798  -6.9695 -10.0000   1.5698   0.8501  -2.0032
Gene_34:  10.0000  -0.6763   7.8184  -6.8304   3.2039   0.4632   1.4711  -6.4151  -9.6011   0.5842   0.9111  -1.2115
Gene_35:  10.0000  -0.6627   4.8808   5.8694   2.9535   3.9209   0.7358  -6.3026  -9.5207   0.8444  -1.9754  -2.0032
Gene_36:  10.0000  -1.7963   2.7670   5.0890   3.2039   0.9706   0.4294  -6.6801  -9.6011   1.7869   0.5987  -1.7948
Gene_37:  10.0000  -0.3000   1.1018   6.6533   9.8696   0.3342   1.3186  -6.6801 -10.0000   1.7869  -1.9754  -2.5801
Gene_38:   9.6410  -0.6627   2.7670   5.8694   3.5381   3.9209   0.4294  -6.0984  -9.6011   0.5842   0.8501  -1.2115
Gene_39:  10.0000  -0.2765   2.1242  -6.8304   3.2039   0.4632   2.3798  -6.4151 -10.0000   0.1214   0.9111  -0.6396
Gene_40:  10.0000  -0.7484   7.8184   6.3699  10.0000  -0.3493   1.4711  -6.9695 -10.0000   1.5698   0.8501  -1.4191
Gene_41:  10.0000  -1.6744   4.8808   5.0890   9.4391   0.9706   1.1984  -7.1697  -9.9109 -10.0000   0.5987  -2.0032
Gene_42:  10.0000  -1.1203   7.9618   5.0890   2.6391   0.4632   1.4711  -6.6591  -9.9211   1.7869   0.5987  -1.2115
Gene_43:   9.5677  -1.7963   2.7670   5.0890   3.2209   0.9477   0.4589  -6.6591  -9.5937  -9.7195   0.5987  -1.7948
Gene_44:  10.0000  -1.1203   4.8808   5.0890   3.2209   0.9706   1.6502  -5.8917  -9.9211   1.7869   0.2416   0.1089
Gene_45:  10.0000  -1.1203   7.9162   5.0890   3.2039   0.9706   1.4711  -6.6591  -8.7744   0.5842   0.7968  -1.2115
Gene_46:  10.0000  -0.2636   5.8088  -6.8361  10.0000   0.3342   1.1984  -6.0984 -10.0000   0.5842   0.6711  -2.1091
Gene_47:  10.0000  -1.1203   4.8808   5.0890   3.2039   0.9706   1.1984  -6.6591  -9.5025   0.5842   0.5987  -2.0032
Gene_48:  10.0000  -1.7963   5.8088   5.0890   3.2039   0.9706   1.0581  -6.3026  -9.5207   0.5842   0.6711  -1.7948
Gene_49:   9.0856  -1.7963   2.1242   6.3699   3.0012   0.5878   1.1984  -6.9695  -9.5207   0.5842   0.8501  -1.2115
